1100010001101111001011111000110000110100111000001011001001000001011101110011001110001011011001000111101100100101111001111111111001010100000110011101011111001010000100010101000101100101011001010000110100101011101111100110011000001100001011000001101110
1110101111000101111011001101101111001001010010010101000000100101011110001000000101100110101000100111111011101001100100001000111001011100101100001010011010001100000001100110001010110010011001101001011101000100011001101110011110011000000011101110101111
0111101100001000110000011100110110011110010101110010111111001101110110101000110001100111001111010001010100010001010100111011111111010100101010111100000010010010011001101110110100100011100111001111000010000101000010011110010111011110010100011001010000
1010110110011000100000111001000000001011101111111000001100110011001001011011010001010111000000101101000011000011100110001110100101011111001110101000101101000001011111101000110110000000010010010010111011010111101001111101111001110111011001000001111110
0110110001100100001000001111110000001011001011010110100010011111110000111010010110000010101010000001110010001010000100001101011010110101001010011000010010011010001011110011001011101011000101000110101011011111000101000000000111001101001110001001111110
1100100010111110100010000111010110000110100001111010001010101101010000001001111000100111111001001101110010110010111011110001111111010101001110100110000011100101011101110101000110001111010111001010111000111110100100101110111100010100100011000100110100
0100111000110000000101000011111101001011000011011110111000011110011110010110001001110101100000001011111100011001110000111010101011001011011000111100010011010000110001010110000111010001001100101010010000000011001001011100111000011100000101011111001111
1111111100110000010111111100011101011000101010100100000111010001101100110000010010100010000111000110001000001100000111110010100010100000111001011000110100101100010010111000101101111011111101110101100100011000000110001000100111101001101110001011100011
0010101001110100100010001110000101011010111101010001100101110011010101111100001100101010110010111110010000111000001100001111101101011110011111100001110100110001001010011011000001010010000001110001000010000011001000010101000010010000100111100011100100
0011011011001001000111111011101010010111111110101110111000101001011100011000100110100010001000000010001111000101010001000001011110100110101010010010111101100010101000110110000001011010110010000011110000101110111110001100000111001000110001110010110011
