1010100011011011111010011111111010011000001101001110010101101110100110010111111110110110000101000010
0000001000011100010110101010000100010101001011110111010110111010100100111101111001000011111000011011
0010100100110101100010101100110000110100010001111001000001110110101111101010110100010001101010101010
0011001001111100110101111011110100010000100011100010010111110000010011110001111001010011010111010111
0111000111011110001001001000001110011011010101101011100001000011111111101100110001111000111010111100
1011001100101011001000111011001010010100011011000100001101111000011110111001000010111110011010011110
0011010011101001111001000010100000000110110101110100101110100000101111001001110101110100011001111111
1100001001101000100100001101000010100100001111110000111010010001110011100101011000110111011010111010
1110000011011001010100000101001110010110001010010111100000111000000100000110010011000111011111010011
0000111111001110101101011010010101001010011000010110000110001111001100010100101111111001111100001111
