00111001101000010110010111000100110110101111001111101100110000101011011010101000000001110000110000010111111110000011101101100001001011010101111001111011101111100101011101100000111111101111011010010100110011010001001111001010101011101100100101000111110100100011111100011000101100000110000111110001011100110100000100001100010100000000110011100001110010100000110111101110100111011000111111111100011101011011011000111100110100010110111001011011001111111011101111011110110111101101101011100111010001000100
11110010001101010000110001001001011100110010111111111000110110000100000111000000001101100101010110011001010001000001011100010011100000101110001000100000100000001011100010110001001001100010111111000011110011000000110101101001100001100011011111110001111111111001000110010010110100100111100110100000001110110001010010101000010011111111011011110110000001000101100011001001010000111100011111001011111110101000101011101111001100111001100000101100000000101101001000010111101110000111101010110100000101110000
11101101010100111110101100010011100010011101010100011011110000011000100100111111111100101100010110000011100111011100011100100111000101100010010011111100010000100100011100010111110010000001001000100010001110000111011101110010101010011100110001001110011010000111111000101101101010010000110111011100000101110100101110111111110000110101010001101000001100111111010101001001011100111101111001110101110011110111001101110111001111110111111100001100101100111101111011101001100100101001011000101100100100010101
01110100000101000100001100000110000101000000111001110011101011100001100010010001010100001011110111001110100100100011000010101101011100110111110011100001110110100001001001110011101001000100100101011110101100100000111011011100011101111110100100111101111111001010000100001111110001111011111010101011101110000110110001001111001011000100110101101111000011000101100100011011010111001010111110000100011011010101000010011111110101000111001111011110111010111001011011101011010111010010110001111010101101001101
00100101000110000111110111101101101111000001111100111101011111010110001010100110001101101010001010100001010111101011101111000000110110011100101110111101110110101001010010010001000011111011110001100110100001000100101000000010001111001010011000110011001010111000111010010111000110000010110110111001101001001101000100011011011110010011000110110001101100111110001001100101110010101001011000000011100100100000001001100011011011000101100110011101010011100110111000111010110000111011101101111001000111001101
11000010001010010010011100001100010010001001011110100001110011011100001000011100010001010111110001011001110110001000101010100011000000000011100011100001110110010110001100110110101110111101100000100010011111001000011110101100111111000111001100010101101100110000011101001011001101011010111001101000101011011100011110100110011010001101010000010010110000110010000011110000010110001010011110001111111000111001110111100001000010111100100100000101111110100101010001111000001000010001110100011001000001000011
10110010001101111100001101111001010000000011111100110111110000011100110101011110110110010000000100011110101110110101010111110111010111010000000010110100110011001010011111101000101001111010110101100101101110001100010100101010000111011000000010000101000011101001010111011100010001010010111100100011110111101101000000110001011110110000010011000011100000100000010011111110011010000101100000010111111001000100111000100000111010110111001111001001111010011100000111110110100011011111000010100011010010011100
11011001000110110000101011110110110100001011000100011100001011011001001001000011011111111000111010101011010111110111101010111001010010001000010010110100110110000000101000000000111110001100111011010010111111000001011100000111001010000111000000000011100101001110111111100000101101110100001000100101100100010010111000111001000110101001001110000010011111110010100000100001101011110001110001100110101011111000111001101001110000000001011111101101110000010110001110100100010110001010010101000101011000101011
01010010011101010111010110011111110100110000000100101110010111000101111001011011011001100110001010010000011011000001111111111000000001111010001001010110111111110111010111010100101011110111101100001000111010001000000000110001001001110011110001110001010100111010110100110001110001000111001100000100011000111111000101110101011000010000001111110011000110011101010011000010001010001111001100100001111010010110000001100010011000010001000001011001111011001001010001001100100111001110100010010001001111001110
11010110010111111110011101000111100100100110000010000010000001100100100101100100111000111011111001011011000110001110100111010100101010111111010010001001111101011100110011010111101110011101111001001010011110001010010111001110101010100100110011010111001101000001001010010101110111001111110011101001001100011110001100101100101110011011101111000110000000110101100010101100010100001000001101001110010001111110111110011111011100111001100001010110010110100111000111110101000010011010110010001011100000011110
